3,0.7
4,0.7333333333333333
5,0.7666666666666667
6,0.7666666666666667
7,0.8
8,0.8
9,0.8333333333333334
10,0.8666666666666667
11,0.9
12,0.8666666666666667
13,0.8666666666666667
14,0.9
15,0.8666666666666667
16,0.9
17,0.9
18,0.9
19,0.9
20,0.9
21,0.9
22,0.9333333333333333
23,0.9333333333333333
24,0.9333333333333333
25,0.9666666666666667
26,0.9666666666666667
27,0.9666666666666667
28,0.9666666666666667
29,0.9666666666666667
30,0.9666666666666667
31,1.0
32,1.0
33,1.0
34,1.0
35,1.0
36,1.0
37,1.0
38,1.0
39,1.0
40,1.0
41,1.0
42,1.0
43,1.0
44,1.0
45,1.0
46,1.0
47,1.0
48,1.0
49,1.0
50,1.0
51,1.0
52,1.0
53,1.0
54,1.0
55,1.0
56,1.0
57,1.0
58,0.9666666666666667
59,1.0
60,0.9666666666666667
61,1.0
62,0.9666666666666667
63,1.0
64,0.9333333333333333
65,0.9333333333333333
66,0.9333333333333333
67,0.9333333333333333
68,0.9333333333333333
69,0.9333333333333333
70,0.9333333333333333
71,0.9666666666666667
72,0.7
73,0.7
74,0.7
75,0.7
76,0.7333333333333333
77,0.7333333333333333
78,0.7333333333333333
79,0.7333333333333333
80,0.7333333333333333
81,0.7333333333333333
82,0.7333333333333333
83,0.7333333333333333
84,0.7
85,0.7
86,0.6666666666666666
87,0.6666666666666666
88,0.6333333333333333
89,0.7
90,0.7
91,0.6666666666666666
92,0.6333333333333333
93,0.6333333333333333
94,0.6666666666666666
95,0.7
96,0.6333333333333333
97,0.6
98,0.6
99,0.5666666666666667
